10000
2888
3887
7901
2372
4824
8189
2386
2872
8689
2422
6719
75
4344
2153
4060
7560
2543
5906
3439
9322
7232
8554
4474
2273
7625
479
7128
8642
4445
1266
7512
9805
8218
6054
7761
6795
8278
3290
6380
785
6927
1920
6282
1042
9258
3308
6051
5045
1729
7720
9250
4944
1262
9722
3214
746
53
8863
9142
3274
4477
5852
152
1108
5216
4370
9659
1930
9845
9199
2374
6580
906
4613
2344
4534
8975
9717
3614
8920
5255
5291
9244
9082
7628
7329
9736
167
8365
8718
7100
8290
4750
9448
7464
5328
7447
2110
3127
1902
4829
2596
9662
5670
5792
7860
2777
1154
1060
7049
8475
7752
8534
2725
9708
8939
9239
6271
5139
5890
8365
8989
6563
1307
2524
5873
7677
4376
9141
7277
5843
5434
3325
7631
7968
5131
1058
258
3969
9757
907
7048
4635
8176
1914
9223
3553
8983
4857
5494
516
5607
4608
3880
8993
8856
1376
6264
413
152
1982
7478
3003
9355
2689
4774
6529
4883
6400
9777
2701
2653
9343
4147
5153
4341
1042
51
914
6095
5188
2461
6926
1167
3565
5036
8140
7789
3792
6257
602
9537
5389
8976
5525
3025
7657
6680
5544
1126
8058
650
1338
4477
8260
7430
3001
5316
1282
5593
1630
6679
599
7462
7419
7500
3483
6653
8244
81
1219
4080
1953
7507
1240
3931
1547
709
2488
6103
5682
6562
7160
1366
8223
7423
6986
1368
2132
4737
6288
197
1349
3575
5720
8055
6057
9219
4102
1899
5484
785
4526
3055
4660
1405
3960
4616
4756
1582
7219
4571
556
1304
7158
1675
6792
1045
9791
7908
7999
7639
8177
8821
1870
1190
8246
4122
4687
5433
5591
8535
2020
5433
9037
8517
518
9062
5187
1187
5072
1490
2756
8835
7300
9323
5795
3445
7438
6186
6786
3151
8953
840
8692
1720
5927
9116
9028
2261
9029
6967
9882
3378
3466
9785
6484
8145
980
8263
120
6506
8512
4123
752
6810
7021
7249
6114
2007
9734
2107
9056
3656
8904
638
4301
9164
9005
3911
5226
2703
5366
2663
4380
5379
2455
4320
3802
8645
6115
7152
9635
1109
7916
7144
6854
3950
7355
6261
8036
1660
1906
4699
1791
2912
3159
8655
9160
4866
9055
5693
1940
198
652
8801
6862
8239
7536
4506
814
7020
496
7759
6172
2103
4578
2006
3928
5152
9712
7397
9810
8871
9349
9278
7390
651
2179
506
5258
6036
4132
6533
857
247
359
3474
3
1030
8974
2887
2988
1172
8754
4760
2948
1296
6920
2101
4997
2437
1908
2930
8681
3424
7900
2080
664
668
1283
8325
936
2143
419
1869
7260
8355
3733
6168
5657
8099
8586
4812
3868
9422
4510
8178
4487
5398
6638
813
2426
3127
3529
7772
8552
644
7420
5389
7698
1695
4234
231
9680
8219
553
6525
4769
870
7527
3494
5375
5178
1132
631
9555
1922
7563
7708
9825
4772
3002
9140
6290
9245
7306
7669
6928
3771
5424
1420
1340
7771
1583
1080
6877
6967
2280
9878
9773
8355
93
7198
192
2236
3084
2328
8325
4071
4847
7339
7815
3893
4133
6994
9069
7597
9774
7638
8331
298
3962
5128
5650
6470
9989
602
5988
8755
7356
427
4095
7161
7494
2037
6416
2198
7463
9528
8263
6249
4044
1515
2430
5859
253
8018
6336
1620
7961
4775
338
4831
5198
4173
9991
5649
3128
6790
1542
1876
6864
1272
6093
6880
2332
9951
7365
458
6219
5382
5680
7190
799
1577
5952
2411
8194
3844
8268
1012
803
5635
5571
8161
2330
6372
2438
5809
2074
4371
9413
8793
4609
9409
7290
7780
9478
2385
8166
8824
2685
2819
5791
867
8761
3917
2175
1137
9010
2414
9693
2660
1300
3402
9117
8066
6372
6015
4074
134
8270
9525
1238
1837
1930
3334
2641
1198
9030
7798
919
9845
7475
311
4841
6831
6307
2665
2021
4440
1249
811
2738
5095
9284
2191
5677
8727
5757
183
6207
9280
4771
1360
5614
8334
8715
6220
3550
9836
767
899
2779
7792
7748
7782
9980
2232
5369
6504
9045
9952
3846
7524
7123
5169
5631
641
1210
4141
444
8260
4198
9833
7468
9300
6604
5585
1016
2529
3862
635
4640
7744
5633
4353
3530
4332
3275
9967
3922
3976
5447
3505
4984
467
9759
1329
4030
887
1301
1612
7666
8417
9421
1915
3360
5562
3349
4516
8548
1042
8761
5395
4483
9614
6545
9171
7122
3184
8553
3299
1223
7330
2406
6048
9840
2788
7684
3467
9889
2680
3143
3317
160
4645
2002
4181
8780
454
8841
59
7912
3115
9396
76
1092
8531
1253
2806
5236
757
2872
628
7222
6974
1988
1360
5415
172
2785
2189
7432
1698
5079
2771
2523
4244
6998
3636
231
5223
2782
633
5515
7259
1201
4570
102
5431
8473
3767
5508
239
2424
7488
3705
6847
7261
4093
6023
7226
5348
6934
7759
7569
9554
8400
7143
8172
8675
7804
7714
3887
1086
3966
3059
5114
6748
5392
796
8058
5339
4015
2024
5579
5803
233
9800
6625
7961
4575
1434
8627
968
7419
8656
1127
805
1189
8001
8738
7942
5625
9280
9828
7306
9539
8933
2896
2318
7544
9157
2479
4199
1607
6794
8126
1690
8720
3724
7271
2909
9615
4083
7204
9944
8962
4875
9033
3062
3714
7488
8850
906
307
43
2180
3334
9274
6110
2504
237
4965
3861
2214
3485
1377
8905
2425
1512
5681
2111
6644
5007
4015
4264
5290
9180
5558
2834
5867
1015
830
7754
8489
7380
7815
3163
8143
6253
961
8386
9427
2858
6576
7935
3135
5841
7820
495
1305
3180
7797
3653
7528
9636
3158
8841
2114
1645
6711
7715
8428
7173
1823
1178
7992
7541
8874
2273
9442
2758
8020
501
5132
4915
2198
1858
9133
8208
762
1531
5469
4980
5970
8996
2171
3032
3593
3289
685
7946
1744
8277
440
774
8130
5109
2438
5251
3244
8750
4871
2300
8448
607
7749
5701
3039
854
725
8992
4503
688
3876
6553
9195
8180
9176
4958
9389
1548
4867
7684
2204
9418
7584
2355
3058
9578
7116
5460
6060
5867
3315
1049
1342
4788
2297
8569
9052
1042
9439
8664
8750
4824
4178
6201
5220
7399
532
5000
2305
9370
3963
4775
8828
9492
2968
2472
8031
6501
7673
5646
9914
280
6927
4430
4435
7765
6215
4925
8239
1873
3091
4659
4292
7107
909
7868
8664
1357
7471
3993
5179
5950
5180
4641
5254
7646
9640
4181
7734
9062
3661
335
9559
9585
9316
7261
4930
2984
763
1663
4079
3212
3296
496
5276
5954
6829
3446
4684
9651
2643
1641
6562
309
7739
8870
7284
5136
6053
3250
4936
4249
3082
9607
7486
2335
8441
2981
6042
4142
7514
6999
3605
3309
2475
161
5746
1896
2127
9333
2252
2490
5105
8848
6557
8092
2178
8506
2429
4063
2376
7701
6250
1261
4645
2673
7998
5715
5891
2687
1429
6695
7052
7634
5609
6423
2119
8048
2751
6070
5169
1200
2932
4899
9123
5594
7467
3291
4913
9008
661
6352
3299
7911
1099
7219
1
29
9324
7377
3907
9322
7874
6648
104
6247
5528
146
2777
55
4183
5394
9289
1
5552
2363
6228
47
9282
4522
7373
5134
5153
781
3593
8680
3014
6032
741
966
7785
1435
7299
2154
4145
801
8837
4016
984
9199
5117
6488
8734
1839
4103
2389
3375
9235
4604
8459
123
9902
2502
9965
9758
1598
4764
4978
3471
4323
365
3158
4177
1105
2862
7816
7685
1876
6932
8516
7303
798
1236
773
7151
1524
4246
2536
1542
8085
6931
3060
3317
3279
2478
3660
3642
4046
6232
9410
9346
1923
2147
8910
7125
2616
9231
4698
3442
1950
4518
5222
5360
7585
4895
5536
5770
1184
6295
9311
9953
8531
2338
4955
1764
950
6961
8957
4696
9039
4856
8411
8302
7201
8659
9261
8532
2412
9214
3644
516
4076
4838
1637
6769
6529
619
6886
8288
2432
5686
8664
9500
962
4557
3432
2412
7478
8040
4044
9978
5603
1524
2173
7107
8133
292
86
996
9631
2306
721
8019
2772
1007
5217
701
2622
6806
5223
1775
9552
4036
6665
1835
9337
4516
5700
8140
2397
8976
8771
4670
5009
9289
5424
9644
7193
5926
5187
347
6087
9402
3486
9495
6852
4227
2012
3463
6560
7811
4667
4812
1831
5761
1946
6660
750
5512
1098
4557
3706
8892
5702
2005
7720
4615
7495
7958
7381
4972
4428
7704
1269
9307
139
7937
292
6322
6214
9289
3189
6293
4386
3489
8316
8062
7446
6614
5096
6504
5690
2038
4663
6436
7920
2373
945
6515
166
6729
5485
9031
5175
8066
7454
9352
3683
3604
6089
7443
45
1309
9486
2399
406
2653
1639
6648
16
2195
880
7980
2790
3797
3095
4067
4000
2873
2584
1715
4328
8728
5955
9519
6446
5003
8603
3325
4022
7858
1742
1072
1169
9184
2042
5878
1603
7355
5879
175
9798
5021
1363
3941
153
3368
1216
1713
8511
3223
8953
3694
6481
1676
6072
2511
3781
6683
2796
1043
7615
812
2190
3477
2591
2609
2136
7425
6955
6564
354
1441
2554
9837
30
9808
1341
5364
5620
2795
2304
9148
2755
4694
718
2280
1724
3990
1372
6892
3517
7285
536
9416
391
2971
8989
8973
7260
6643
3095
2452
3963
9923
1538
4317
2737
2117
6918
3855
5247
4127
5392
9103
6145
2437
9403
2538
8621
3752
313
7929
632
3785
9683
9193
6014
3030
5931
2266
7968
322
4914
3263
6468
3903
9603
7025
9536
8069
1068
5408
2029
2951
6508
1573
451
9058
1839
2069
1632
8902
4128
6617
5732
4062
3377
2662
2285
7164
6682
3651
1478
1540
2489
9150
8649
9206
1148
6917
4311
9958
1316
2778
7447
6632
9646
6781
1905
2057
3895
8393
3019
5908
3381
843
3041
2432
5232
6045
7148
8830
3198
3041
9309
300
7207
7098
6831
94
7466
4919
9511
8461
4963
5243
4118
1186
2962
2458
686
3199
4777
1215
2163
6389
5685
5674
3761
2702
3049
1777
6930
7320
375
4956
7876
6860
569
226
6812
162
6499
7265
7158
8115
9097
3117
4398
8134
9596
498
5148
9698
7235
776
5763
7793
6821
2656
3959
6375
2701
7063
9871
5261
6186
8186
5485
2672
7861
6533
3026
3593
8094
1737
1239
2141
1737
9689
7593
1749
5833
7473
2490
9318
6383
6925
7505
5327
1960
48
6541
1601
2061
7742
680
9293
6977
1947
5764
5846
8337
9174
2794
8021
2064
9559
7875
8162
4425
2641
5276
6426
9155
2614
5497
1499
2120
1505
5073
2688
5922
2309
2608
6519
5401
7409
5603
2634
7272
8315
296
656
93
8420
6010
3260
1659
8694
7185
1131
7152
7061
7066
3972
4967
8936
1900
1784
6202
1806
5011
1449
9581
474
5928
8794
6074
5277
8564
5614
6115
9782
3453
7993
9701
1449
4672
2216
4968
7242
7345
7771
4854
9173
3676
4377
2310
4759
7523
8833
2427
4785
9657
9187
1752
3859
9250
2015
5681
4135
1074
9113
5550
8083
681
954
8271
4998
7664
6010
8571
7137
6123
1842
2278
8210
2599
5613
8691
3725
7788
5232
6001
3667
6209
2824
1114
8068
3134
4940
906
2266
7271
414
6556
5765
2547
2120
6988
7687
6349
939
5762
8026
2466
7123
2286
8962
6136
3670
310
9117
710
4191
9714
1311
3956
1432
4148
3680
949
1158
1100
8457
3838
4905
2963
5166
550
1325
2819
9182
6377
3565
7415
7613
8177
7110
3671
8205
8112
3841
6366
96
5770
7685
7919
6566
5651
9614
4120
9469
3509
361
4223
4223
7404
5902
5670
4710
5125
9797
1700
9721
121
5146
3765
8892
9235
1534
1239
950
6627
6237
1163
3597
3891
2220
1249
8722
1316
6441
6853
8243
4885
7757
7735
8505
4082
4650
1230
7226
1333
2995
4882
7226
8682
2881
2689
5576
675
5791
207
6726
7040
1122
9894
5398
9900
10
627
3502
9491
326
2239
7095
8925
2760
3671
678
2128
670
129
7681
4782
936
3169
7364
9025
7696
5101
32
6924
6576
2523
8914
5065
5628
470
9578
112
9206
3563
7444
4517
6152
5437
4744
520
2238
598
3371
4959
7076
8880
5002
3040
117
4856
6204
4722
2769
460
1422
4416
2946
4750
5007
4481
9804
7677
4012
8735
1078
9781
9180
9569
8567
6886
1370
8201
9413
6354
6461
8616
6490
9066
1677
4040
3075
536
3888
7479
4411
123
9760
9349
3130
8716
9493
6241
158
6022
3299
7948
1177
7757
8399
4057
3772
2159
2052
4894
4249
3814
2838
6173
1527
6768
4349
2219
9040
1662
7169
4226
4611
9367
9141
3465
1050
5871
5275
4589
8334
3783
4397
6970
5484
4339
5654
7564
2229
1155
8812
5615
6783
2937
6387
1657
9135
5505
9714
3463
7263
2641
520
1613
7988
2504
1784
4282
3387
3166
827
8371
6781
6124
1604
6202
5220
8884
1092
4161
8140
6162
7695
1471
698
3802
6697
8698
8646
4477
3040
2127
2192
2131
9218
8680
7599
9897
4639
1956
9883
1568
6532
2394
7760
8032
5741
74
7205
505
3438
2821
7354
3297
1220
7738
3229
9654
3072
2498
2426
2163
6578
9152
2538
1416
2586
7264
9501
3975
7801
281
6599
8484
129
2092
8954
2020
1587
9103
1178
7903
6992
368
7199
4227
7209
2917
3761
4027
273
5376
8382
4121
4321
5957
2062
5978
8222
8660
6898
152
4995
9815
1758
2652
3396
9414
7399
503
1534
3360
4771
9272
764
3872
4567
2480
9125
757
5391
6822
8717
6600
9731
697
7183
845
9997
5243
4083
7030
1942
6576
8787
9809
7026
608
2120
8718
9139
5309
2626
7135
1129
8435
9978
9053
329
433
656
7197
9266
1643
3136
5291
2933
7547
5631
2842
2084
497
3276
6589
1602
9288
5596
9755
2719
3352
1590
3502
7863
793
2419
291
8387
9556
6847
1453
5886
5192
2851
6076
1640
4237
5416
4197
2357
8463
6716
6092
5746
1377
5884
4282
829
7836
7828
4391
9244
8951
5066
6096
5472
9822
4898
6464
4181
7936
198
2390
9337
5940
381
9887
2079
3781
5149
9174
1706
5276
1285
5366
4403
7066
8479
9308
7817
5232
8463
8630
6077
9189
1046
972
2560
6491
8867
3263
932
609
1805
8956
6588
4178
876
5609
5058
6599
4132
8834
9830
8881
1834
456
6877
9350
982
160
6515
1646
1867
9728
3143
4023
2236
5136
1034
8131
5304
6257
6042
1481
8973
7353
9493
1401
6397
6902
2153
7335
7416
2580
2251
2849
4112
7566
3957
6968
9242
6283
6472
1652
8049
5004
1304
4164
2554
8238
5554
7879
1905
2633
6131
4316
6310
2983
3771
6445
8289
8859
9919
8491
5944
7647
7957
2852
1195
3244
791
9217
130
322
1914
7458
2706
7159
7122
1800
869
9624
4719
8596
5383
4353
8563
5950
7008
1071
9582
2793
2127
2766
3925
469
2584
6571
1652
9783
7448
8807
431
359
6062
5799
1352
9266
9124
6977
2910
2974
6443
6191
3590
5915
905
5476
221
8653
8743
2797
8084
2517
9576
4161
785
6236
2022
9481
3156
452
111
8391
3507
9216
8364
4426
4578
4261
289
1875
2260
5746
8052
656
8477
5356
1718
9198
7892
1678
945
1337
9966
6315
1160
8605
3520
2631
1315
7263
6540
9977
2560
4446
7632
5509
1465
1295
9291
9303
6960
7560
9845
397
5205
2520
8260
7760
3541
595
3580
4444
9568
958
2410
6257
9546
9635
4444
749
2332
4808
866
3484
3182
2132
1532
6379
1744
8609
103
8645
7301
5695
7120
9009
7209
6644
4466
7525
7779
6858
8814
1196
2625
7740
5837
5101
8041
4561
2713
475
3063
6844
4669
8556
2754
4425
3154
8553
2963
2582
6941
3521
493
7457
1896
5222
3300
5520
6826
3947
8787
3227
2970
7894
8178
2784
5423
2228
6351
7033
2974
8796
7521
815
1436
4179
1488
8557
4327
6846
5206
3025
2342
6935
1237
2945
5860
8695
8639
4222
6838
6897
6115
3173
121
3013
7633
9736
9523
4433
6660
3951
575
1844
4745
8735
4687
5192
5508
7156
1097
3032
5848
4731
5930
325
9861
4429
9846
7444
5136
5832
1246
1723
7045
8474
3076
8150
6203
9451
7597
7907
8348
7054
1879
6739
8972
2029
4790
7779
2401
3921
4383
8699
8724
1345
2686
8368
6582
9824
2867
8409
1895
7624
4129
4872
1362
8404
5509
3358
9905
2360
8990
7419
3870
7489
6209
5729
6332
2808
3537
3536
2665
769
5211
6228
3207
9357
2299
8978
6453
7694
8926
790
1881
1533
5585
2605
8663
224
4151
6853
7968
6975
2604
70
2032
748
7399
353
4535
4659
1509
5247
2564
3555
4955
2920
4642
5240
3522
9725
8550
6601
2304
1812
3816
383
4764
5107
9617
3993
9151
234
2862
9781
6556
4205
2460
2210
2618
422
2058
731
7559
6614
5445
1591
3243
9819
5304
3483
7766
8996
4408
8406
7305
8116
154
6524
825
8364
9313
9226
7738
6422
4324
6861
6693
6997
6731
4869
7521
4632
8309
7005
6106
2620
6567
2883
2509
3941
1147
1223
8329
2040
8044
8768
6134
8932
6117
5440
7923
7892
255
2850
5046
2386
2195
5061
5922
8388
8711
7693
4414
8371
935
8069
6553
9827
4043
6627
3349
493
6537
101
6031
567
5154
3420
3315
2265
773
9201
604
8932
8557
5631
6912
3421
7823
5695
9642
7700
6194
4215
367
2759
2143
1432
6338
8349
5586
3281
7279
5446
7644
2882
8836
9537
7923
9445
4441
3293
4483
7244
6933
7254
5273
4031
5003
2820
1222
3163
7087
7929
6996
2055
6926
5657
193
7734
6161
9522
5322
5757
3293
5408
8833
7921
2613
5563
9508
2081
8515
3667
1571
8115
2257
6273
5369
3230
9030
6867
1673
6788
7223
3312
497
783
1708
8438
5888
5592
7330
321
9963
5138
5462
2199
3956
3728
3217
5106
1782
8971
6022
4693
4180
5534
8922
7818
8737
2005
749
8637
3060
3648
3188
7983
6409
5198
7825
8047
8713
1100
2965
7934
6900
4580
5200
8096
8567
9929
5608
9353
3440
6349
8026
7304
8092
5906
7159
2201
8296
9978
5149
6870
5352
8500
9269
5459
7663
9161
1723
4440
39
829
9231
4465
9588
1189
3522
2469
9857
1010
6072
2946
6591
231
9045
9291
5732
3332
4071
2198
3535
6861
9883
316
8072
3545
7566
4319
6810
9581
2710
4590
2384
3106
1523
3733
1681
3835
7572
5061
863
3744
1265
6684
8218
4799
2282
7443
1079
9091
3590
1765
3903
9846
9746
2199
2953
7477
1771
7305
4823
521
2728
3981
2100
3264
4656
560
5919
4019
4236
552
6503
1308
8771
5370
9974
5958
8189
8136
3670
3782
3216
7598
2197
2751
3019
2782
6588
3307
2140
8172
7309
4701
7001
2501
8270
8605
517
5967
2817
9129
947
2716
1456
5055
6841
5228
3390
1968
5530
5688
2157
276
7190
3540
6582
2838
197
7682
2549
1572
1831
2101
3096
713
6315
5439
7754
7326
9822
6175
9982
7916
8789
2723
3972
450
1297
7612
9835
4816
3202
6373
8229
4726
1796
5192
5655
1053
9444
2500
8256
7843
8504
8467
8556
7213
864
6491
6769
5990
7158
7836
4155
2441
6761
8765
3953
2717
7013
1599
9213
1975
8823
8801
3904
1347
1334
2046
7407
4893
3968
1491
2932
6594
6735
9254
4772
9189
7071
5651
360
3216
6726
6350
1040
7923
2796
5688
8199
3888
5899
1648
7052
815
7249
1064
1714
1767
5183
1358
5149
4043
7369
1524
5131
4960
692
1218
6595
5844
1270
2865
3781
6895
5704
7435
2347
402
9315
2593
8265
9438
1070
7756
2434
7915
1738
595
1396
3427
9640
9599
9811
8040
4049
4349
4215
2553
6670
1119
132
1923
4851
6778
5460
6776
2460
2887
6135
4682
8703
3645
1870
5292
5718
4856
6930
834
5540
8744
30
7407
8409
1851
8926
9191
8625
1174
8961
2117
8332
4474
8524
7489
9727
7420
9894
2073
3325
5324
5425
2347
8962
8315
9457
8921
7811
5411
6964
5698
3150
6977
7603
1134
2697
8106
6629
2914
3479
4471
3195
6871
3857
4696
1388
5011
3247
7283
2687
4790
9586
5766
4437
6107
6346
3202
5268
4930
3981
4898
9367
1357
9996
5493
5184
8401
9952
5684
4396
4601
7507
2275
690
6866
7388
7193
2531
6970
9859
1849
9731
2454
7921
8689
9672
9078
3052
7372
8483
8795
6744
4528
9214
208
9870
1819
4073
417
9456
5873
1670
1676
5507
2843
157
8435
9374
7647
3625
5502
877
7603
7371
8440
3586
4422
8079
342
748
1647
8549
5963
1037
2598
9159
6015
3111
7698
2839
5678
5609
59
4105
666
3595
3196
9671
849
6541
8480
7028
3220
3475
8219
3152
4753
9562
9214
2516
4747
693
483
2178
8635
4545
8157
2186
8356
537
7174
9168
6950
7718
7051
5559
498
5748
5284
5478
3210
1078
6236
7555
6702
559
5489
1017
2148
2404
1989
9147
1305
9797
8297
9155
5424
2367
6362
5561
5789
4199
7708
386
858
6375
5742
2014
7949
9175
14
1491
3924
287
7920
5574
8579
7937
6651
9760
7432
900
1158
1266
627
7055
4050
1717
9133
1747
9128
305
4817
1269
6814
8214
595
790
3297
9785
726
6761
7261
102
8288
141
4450
7238
6518
381
1465
747
8062
8085
550
3031
63
1933
1520
3310
4252
4958
4955
8701
8858
6411
2761
6862
9608
2835
644
6088
7155
4269
2586
780
6632
5118
6646
8096
7586
4234
7270
8499
551
5660
1650
8877
1722
1158
6754
6905
2796
1490
908
1136
751
4896
9302
1769
7439
9969
9276
1676
6785
6242
9813
3251
9572
7264
2691
8396
696
5921
6687
5563
6159
2087
154
9898
1859
4176
7
7670
1197
8460
7964
3770
5946
2321
4362
2241
5836
5926
2942
3566
7604
4976
3642
1948
5443
3604
1941
9572
1831
8844
9308
1202
4277
2304
5346
8924
1043
9579
3081
7525
4983
1329
5565
1768
9609
3694
5290
2515
7952
7151
7640
2459
1641
9342
9453
8272
7632
9968
355
7602
7805
849
9160
9234
3389
7005
390
2262
5084
9395
8428
480
5180
5676
6586
5510
5090
7979
2758
8935
4358
6644
5112
6130
2453
2354
7643
2202
391
9421
104
8900
5475
6472
3571
5300
1047
6993
3804
9449
3339
8442
7321
6165
760
7463
5666
7274
4083
4115
8340
3244
6475
9624
794
1132
6752
5892
655
7591
1202
2332
1966
1797
6975
2251
323
7567
9714
9697
8853
1103
6275
6077
3409
6437
9359
5837
9509
6443
562
3997
1075
6438
5508
7708
6326
1222
4812
7560
126
1226
2652
2437
1999
2720
9700
3189
6603
8584
5181
3838
5402
5321
2019
9341
3052
8719
5097
4581
5316
7645
9346
1946
207
2829
2198
6095
314
8439
7669
6994
7280
1380
3811
7230
5592
8457
4787
5053
7700
2469
5648
9131
5769
4505
824
9071
3277
1415
7522
9961
1189
5437
2504
5668
7852
1477
6708
6503
1134
6024
3894
9997
3877
1281
8254
3014
590
1079
520
2454
1355
8973
9045
3669
1482
4661
5284
5293
2327
4399
9586
5695
7670
4029
3214
3929
2833
6088
2809
3612
6345
6146
8736
8234
2284
1452
873
79
34
7831
4604
8464
3382
5041
3420
4092
1752
9176
8002
105
7110
6180
2706
7419
150
5757
8932
3594
5120
3322
9793
57
4063
6535
8562
19
6154
750
2123
4042
4076
8035
274
6530
4689
3586
3758
4631
7172
3014
6075
8193
8968
6914
1115
7679
3660
8063
4519
8967
347
2470
5032
3725
5586
2374
3459
8973
7728
6177
1366
6816
2089
2959
7161
382
6141
401
3138
1976
4256
1441
2179
698
5576
7273
9174
6819
6002
6289
9678
5544
8620
2171
6294
9008
2350
6824
9431
181
4779
2694
9055
3317
1032
2068
4820
4685
3956
1789
2858
6850
3454
3730
1992
6668
2916
39
260
9786
7846
3741
4383
8112
1048
7799
8214
6186
9252
7596
2817
1907
4816
2708
3928
6480
7559
4654
6812
8714
7340
3835
3759
9425
6875
5021
8698
7748
3704
9246
1279
9857
4062
6810
5758
1017
2157
3617
2119
9314
451
913
545
3307
6468
2877
2252
4343
894
6386
3923
3802
3530
198
83
854
1139
8230
3315
954
7783
5967
6543
3413
1739
6848
6093
3508
9707
4453
5620
5860
4933
215
3336
8716
1111
5085
1529
3798
593
6709
8359
3407
3956
3116
3157
3357
3764
8753
2059
9748
429
9579
3031
3962
8930
2406
4433
543
2960
7202
6824
1999
4696
5377
7997
5328
610
8884
2345
9776
4043
7938
9746
248
6145
4897
7889
44
7166
5833
6412
8935
5224
8513
7223
6630
1507
1429
9036
3734
3613
2669
8166
7567
5341
5336
9083
9558
2487
6649
1940
2571
5234
9681
5244
1398
6026
6134
9318
8130
6888
7934
2310
22
1403
2683
1270
7917
8098
4954
1887
5106
8548
7547
8006
962
1399
4418
3600
7004
7287
3067
7092
7048
8424
6338
506
5889
2046
3659
8342
1430
2049
908
6632
6048
8651
8512
9203
3265
8066
3973
769
9680
903
3895
6657
6244
3474
2508
1669
9857
4198
5735
2824
9470
2698
3736
3122
9444
8044
1914
5947
1976
5160
5194
4894
6442
8494
3296
5775
8228
9050
2962
4009
7500
4238
2891
2152
2268
1145
3524
6737
4294
2070
4177
8316
543
7271
2276
4758
1283
9492
9882
8625
7466
1051
3143
4410
3292
6185
9282
9185
7990
3116
3034
4132
6004
4053
6898
3426
1470
2755
794
3045
4727
2218
1782
6922
1441
3487
6661
2186
5704
7894
7324
2658
7797
1734
3764
3943
9250
2056
9363
8211
8097
438
4653
7653
7881
3258
6087
2126
1081
88
5195
2646
9641
1470
8804
6424
4184
8265
108
9717
8140
3011
8886
1710
730
1130
4013
2861
3584
4016
2698
3717
9174
4395
4383
4464
2
6551
3571
9898
2133
1522
267
7044
88
1045
3827
6074
2864
6192
5870
5362
1701
4939
1573
7445
3828
3947
1155
4904
406
3464
4264
4687
1313
9574
1363
7001
5433
5862
2296
3142
5177
1266
5026
5644
9520
1260
9378
8249
2201
9481
3515
6731
8452
4128
5769
3934
1158
9389
8881
5868
4393
59
4461
648
9185
3229
9166
5324
4264
338
9510
2229
3418
7106
5690
1974
1939
5396
8806
1644
4554
4420
8533
7474
6336
5340
1721
3286
1757
3898
3760
7454
5969
3508
6556
6926
9001
7662
6034
9116
3845
3186
7438
1039
243
799
3478
244
3367
7332
5081
7120
530
3862
1849
879
6216
3710
6696
2470
8915
1048
3457
7187
7483
4834
6465
9057
5009
5675
2486
1327
5423
9502
717
1164
8720
3947
186
4292
434
9466
4122
1182
1293
4996
836
3074
5095
7727
7454
3171
9687
6778
6834
6489
2070
4824
4232
4453
9492
4176
2539
587
6615
9218
2963
1089
3412
4051
4871
3745
4972
9349
7914
1320
69
4126
5538
5201
4213
6357
1596
6196
7383
7087
8529
9567
2330
1482
6551
1573
6887
9290
5745
2346
7230
7316
9320
5457
8652
5927
2750
5301
6758
1954
2550
8385
7832
256
1164
7892
562
8998
38
6014
5701
3785
8320
79
3368
1289
6805
1442
3606
5422
3007
9989
4349
4880
459
5403
3280
3753
8858
6136
3438
7663
9223
4007
7353
6115
2531
9085
2873
7424
3918
9366
3164
6520
2841
2741
3250
8529
418
5018
139
4033
7493
9593
1714
5076
8012
1094
2560
3823
8463
4035
1272
3732
190
1839
2598
4064
3914
682
848
2501
2711
4579
6353
9047
9347
5233
377
9049
8082
6932
28
4313
5358
548
7927
7817
5299
4093
8945
9771
4286
9488
2997
7122
3548
9550
7209
2454
628
4894
9652
3767
4310
9854
7850
4321
9879
4249
1595
1959
4921
8544
7055
3489
9809
9797
7427
8043
2377
3028
3523
6753
6458
6021
5695
452
8193
77
4328
7905
2591
102
1807
1545
4758
3549
4436
1238
4413
6503
7029
1433
5132
4785
9334
6906
8166
7607
7395
2214
9573
9024
5910
4425
347
1816
3977
5436
1369
7934
7120
7255
5304
4328
5122
5491
651
8255
1561
8391
6844
1110
1858
2486
6908
8309
4695
1610
6159
3894
2960
4391
5931
5268
945
2964
747
9767
2659
2291
4746
1248
7484
7584
3914
9978
7304
8714
9963
2023
8322
4071
3850
5500
2809
6316
8411
8274
9146
9017
6144
5879
7431
8582
5530
4832
2761
9585
7244
9542
5583
4776
4539
8508
8229
4601
9661
4119
44
4620
8922
7763
7042
4035
2962
5663
1887
6028
7371
8750
9123
1029
8127
7537
8568
4070
1068
8637
9470
9273
1201
1482
1865
990
1243
3483
4030
6366
910
990
8373
7643
4309
48
2679
414
315
5627
5624
4848
1606
7139
3906
1838
1156
8845
7046
5768
213
5976
24
2709
2661
4833
1078
1481
8521
6415
1337
7370
5129
6693
4441
2414
7440
3066
2767
6763
7219
4399
6846
6534
3492
3348
8422
3428
6670
2429
7407
4882
2751
1876
5114
8062
7021
3631
734
8140
3520
8031
451
224
4836
3165
5138
8231
8630
8949
8442
8313
457
7902
6735
7547
7977
7928
9461
6391
1175
6134
3896
7395
1428
320
348
9369
9639
1135
6831
29
7739
6393
2119
1258
1682
613
6581
9050
4666
2233
5375
5657
3850
444
4455
6310
9443
7169
591
7352
303
1468
261
8481
5875
6150
8810
8185
8084
7032
9988
8506
8205
1840
5548
4063
7401
5359
945
3459
8170
8795
3785
3454
8641
7969
7018
3676
9199
978
278
6938
7529
6839
6886
5456
8021
2340
8665
7932
1537
1857
8134
760
4261
7783
9757
5492
4263
4837
703
5363
7046
9452
7547
1897
5770
8436
4205
3269
3813
8199
9888
1154
8528
7598
1302
4027
8808
4750
9905
9949
587
6020
6473
7613
6683
6698
991
162
8051
3214
1705
5254
7858
7441
551
1179
1500
6867
2972
7614
548
680
9508
4148
4100
3838
3516
2549
2141
7770
2331
3288
584
7128
504
671
2123
5958
9954
62
4170
3133
4753
1658
1489
8178
6983
4203
5382
1786
9230
1716
50
6259
6994
3193
9041
570
765
2824
6782
1987
2002
3221
8478
3904
989
2220
6054
4667
4882
9992
2566
5681
4370
1379
6450
814
8365
2793
4509
8060
2186
5166
2484
8907
6992
6670
3735
1756
5099
9905
1676
998
5089
7246
3921
9815
588
5901
8953
5075
9405
9220
4935
3384
470
9527
3523
9991
2659
4954
3338
4425
6632
7569
8324
9115
5912
451
5516
1133
5451
4847
379
7810
9713
1719
2043
530
2928
1695
283
6081
6332
8421
7112
6027
3728
9760
5632
9104
4268
130
1667
127
9527
6284
6286
6070
4786
9276
2607
2659
5087
143
9177
6785
6760
1724
6576
8480
1959
88
1110
1246
7208
1392
3083
6701
5296
72
6463
8456
4717
1808
1356
1625
8641
7903
7008
2316
1869
3625
7392
120
7098
4256
9318
8743
6589
470
1021
3236
272
8005
6709
8874
5489
269
3333
6397
8296
1348
4018
9867
2400
1208
8947
249
6736
846
7158
1954
7168
4839
2885
5756
8044
8718
1763
7071
3275
3145
9481
9838
3042
218
7829
8505
3982
9137
2413
3220
4787
1268
4202
7478
4513
4570
6848
2027
8562
731
2452
4848
2756
2656
8408
2544
5725
7500
9141
6727
1415
9710
3749
905
2331
87
7120
2359
2531
7678
4711
9892
1100
6768
5965
2470
9977
1345
3604
5694
5362
9336
3678
4151
326
1482
7810
3689
5127
6144
225
5904
6000
3852
3141
7201
7552
5599
6915
1576
1379
1285
2086
4268
1101
9602
2273
2662
2568
2909
3381
1641
5566
686
4498
803
8108
1348
8832
9727
2986
4446
9292
6361
5383
4794
9601
9345
8680
7231
599
6035
7084
9793
4713
1341
291
6670
5531
2891
9270
5933
4184
1915
2797
8351
5711
8329
7519
3433
7355
9924
3957
2007
638
2922
7811
9539
8571
6559
7054
4727
5983
6042
4632
2918
2926
5680
6195
5894
4516
6621
2999
3708
6801
7619
7956
6746
8352
3084
9585
2679
4286
1999
9629
1702
4750
1506
9457
3638
1980
2744
8476
9150
1315
4363
7602
3635
1863
1890
9197
3678
5615
7396
7464
5479
6460
5044
6705
8026
3693
7651
2201
8226
8466
4010
4030
3517
5574
3453
1692
5191
4174
6661
3769
4225
3770
7847
6569
3900
7583
7599
1627
3343
7815
738
9633
7471
1197
2167
2149
8106
2161
4568
2920
3411
6147
3054
4353
7413
1629
9490
3853
2998
8238
1328
9021
6904
117
9420
2752
362
9834
7096
4493
3548
7939
2193
10000
1078
9599
9861
5924
5518
8690
6978
6496
7554
4850
6979
3632
9732
5080
5789
967
5127
608
5375
5846
6860
6242
6348
9998
5398
8247
7099
530
6854
2298
1218
7598
7535
7543
6980
1283
5249
4677
2982
3259
196
4775
6678
6140
9122
3487
2273
442
4569
7627
1573
6036
3788
5621
6945
7548
7068
3241
3153
7685
2929
8620
5025
5673
7854
2257
5297
3104
1298
5351
2157
2335
5781
254
7333
2964
5509
590
5936
8872
9134
1245
8609
6919
5574
1506
7908
8989
6946
7450
7485
420
146
163
7492
5673
4268
9895
2830
1390
4342
1693
950
9403
3011
8392
160
4038
9142
9375
6930
4847
4564
9093
3698
5183
8027
6549
5056
1899
5437
117
9240
7775
5590
1178
2534
2951
3771
2599
8024
9079
6146
2312
9109
7704
8837
4704
9323
3922
8953
774
100
9317
6706
5575
410
5619
6423
8854
9314
8513
2319
2943
6576
9436
4996
4706
4862
5992
6765
8255
1745
4393
2419
2040
7789
7522
8610
8834
9823
5510
2089
2693
616
27
4534
8837
8612
8519
7907
5629
7291
1829
9874
9486
2227
7512
7924
2525
9958
3193
7395
1454
1658
7905
3540
1815
5761
3529
5047
9412
595
6529
7685
2688
2229
5400
8410
7590
6192
7741
4911
6218
302
4704
7501
4212
2394
6087
5838
9319
3538
5747
1128
7050
540
7977
2634
5788
5453
2407
936
8994
9816
9056
7630
8858
254
9924
9045
499
6021
4550
8434
3055
2424
7482
8094
2429
9377
3255
9903
4422
3377
7384
5044
5638
5564
5577
6327
6154
9489
9130
3673
4154
8365
5615
7154
435
1932
1245
1171
571
5697
1526
2783
1713
8354
8887
1269
3268
7968
1712
4709
8440
5181
5384
7203
9824
1082
4451
8888
7313
9459
6099
9735
9821
9600
3206
537
3275
6861
4954
1114
9596
2054
8867
9631
4898
6779
8978
5294
6293
3741
4229
2024
8819
9440
7399
8621
9688
4211
2136
2215
3640
5753
1637
8890
2699
9332
9157
4690
4298
7386
2586
1633
9351
4639
7501
2658
8364
9047
6262
2184
9381
8408
8805
6538
6974
6615
7533
3409
6614
4811
5763
6762
3056
3352
8441
9437
1110
5742
1350
5392
8036
7568
2366
6474
6568
9058
6289
3906
4332
4244
3470
1805
4240
1940
6495
3135
5770
4275
6367
742
996
724
6799
219
7837
8259
3077
7879
8810
1982
8337
6334
3480
7897
3120
6883
6874
1413
7316
2571
4550
461
7422
5058
2463
9487
3806
9677
5603
7449
9372
5942
8837
5108
758
127
8756
8984
6191
3012
1286
4319
4034
427
4524
8780
882
4459
457
3110
8547
7579
43
1397
3621
7972
5758
5657
7829
666
7038
4137
1256
737
8402
3885
4868
5245
5436
4817
1106
8152
8389
7936
9981
1038
6181
6648
2144
1790
445
8597
9473
9613
2740
5382
1356
5289
3231
5377
9636
2145
8701
1571
6378
8963
1164
9348
5794
7976
7540
54
3340
5444
8092
4129
5023
7209
9944
492
1690
1815
6459
2107
1547
2712
8320
196
9029
6419
784
906
3061
7744
9684
6515
8386
3921
1668
2225
8041
5297
8849
8555
9349
3699
4145
5325
3744
7001
8616
5392
3388
6632
4859
5042
5992
6112
7107
1064
6679
5628
3157
7130
4742
1669
2277
9164
1834
4431
7867
6922
1855
3775
7322
5400
7552
547
7411
2664
9169
1197
4699
5197
3514
2705
2966
1277
3832
8653
7272
2184
8452
5616
4460
4408
5870
211
7044
9915
9120
6493
6754
2343
4742
7374
4757
6318
7110
8877
7851
1965
4367
2324
1354
8745
5707
141
8625
3278
2383
9808
7390
2483
6996
6968
328
3864
3198
6357
2046
38
5855
6359
3438
10
4169
538
2852
1043
7042
8323
3948
9114
2628
3362
4607
7084
6328
9291
8011
5627
3662
5573
2161
2516
5911
9139
3397
9086
8118
7447
6310
1259
7185
6544
8834
2732
1980
6414
6104
1495
9117
4617
7728
3173
8127
7787
6475
4004
9625
7748
8681
9033
7201
8866
320
1042
6084
7376
702
329
5026
6567
2223
9270
1675
9155
3600
240
1786
6253
5616
7159
8025
9370
3975
3259
1534
369
7122
4480
3465
9144
6598
9965
9752
5863
4355
1590
4487
7571
8904
5007
4059
5708
6630
6828
5983
5195
1819
323
4520
440
2226
4351
1398
309
9269
8267
8353
9211
984
4700
8135
9093
8710
2065
9635
7832
5835
3384
8533
6570
4973
266
9421
4127
7982
6682
9882
1625
4633
398
3798
4600
4549
8913
3577
6383
793
1046
7480
6716
5482
7411
3959
2320
8000
2500
5825
977
8148
3698
9252
3373
6145
9203
8265
2534
2700
9165
1059
1793
7038
491
6463
3346
7230
45
9391
2918
9808
2388
5133
840
3914
8761
718
5695
7315
348
9978
6752
8131
8086
305
5546
5551
5305
1895
6677
1627
5550
4588
5764
4808
5165
1422
5914
4881
5132
4599
5962
8639
8474
6056
717
289
8344
7844
4887
8105
7567
481
6260
3720
5464
5748
1784
2485
5950
9452
779
6501
4928
9578
3599
2771
5521
9598
6955
1478
6993
5813
2170
4890
3360
6468
9123
603
8985
7905
1990
1440
2066
9328
5847
6133
9178
9439
6445
8074
1024
8283
1584
7780
3943
69
5783
4656
5023
8113
5369
8305
6009
9275
4024
9982
3272
1613
363
8808
6590
342
2020
3309
1043
3192
7183
7755
2509
7673
3678
7127
6787
6769
4261
7307
5711
7909
6978
1627
2566
3724
2607
4432
2347
7100
7828
8963
184
6023
1767
45
2458
6627
7924
8540
297
6179
7761
5213
5359
2586
9269
2019
4926
4759
667
3762
144
5997
5136
8352
6900
3004
1304
5385
3967
7212
4628
4486
3045
8575
9585
3639
6473
7853
7917
2080
5590
2314
4949
1502
2697
3618
5563
6627
5418
2842
8268
4932
6335
9734
9139
5490
1620
870
771
1674
5878
674
219
675
9159
9254
296
2351
2661
4323
9500
9140
2789
8525
2311
8696
4408
6421
6341
4205
3469
5696
9967
1357
8903
5856
9968
6927
6283
9181
342
962
8428
301
8441
3035
2654
8496
5087
1875
2188
4222
7256
3167
6075
9231
7794
6769
446
6061
7925
4030
5140
3855
4103
3124
7975
6243
4719
2839
6232
1595
5105
4390
4873
4781
4776
7496
7225
5930
5741
1817
8672
8301
608
9505
9578
914
262
9971
6599
8892
191
1104
1042
375
1134
429
6559
9515
3112
2966
3129
9271
5386
7701
612
6048
8765
9583
7544
4466
3678
7258
8531
2868
9185
4576
8623
3846
9461
3975
1828
755
6449
9090
926
8968
7013
3502
6892
2951
289
3204
3957
7974
8839
2860
2329
4788
8445
6844
6707
1695
8140
6387
5931
5803
6989
2254
4654
1783
9871
9934
4104
3378
4548
5599
5825
2419
8487
8503
4807
3864
4736
4268
3217
3675
9328
5741
1138
9273
5065
3435
6901
5709
9293
3981
4072
4734
6685
5761
6882
2896
7383
7122
2938
6042
576
955
8459
5043
3935
3584
5814
3080
8886
6456
848
6869
6955
3687
8374
9384
3455
9476
4638
6137
7405
8587
2060
6669
8917
5465
8093
4739
9574
7460
4792
4912
9457
535
6062
136
2751
2754
1702
6445
9350
6709
6858
519
9987
2206
67
7183
8527
829
7973
6469
4510
3089
1525
6002
3289
2820
2665
1306
9480
3574
2836
8133
7373
8766
8659
9759
9233
4879
6739
8251
1375
7941
8875
9322
3692
8670
1835
517
6009
2436
2178
9430
9777
7219
5238
7189
4043
3983
5878
8805
7756
7989
4917
6919
5888
6662
8308
2919
906
5892
1680
2532
2802
5920
2473
7372
2029
6218
2044
578
4936
2544
9031
1579
6453
9310
8986
5670
4603
8776
9598
7736
9135
6153
9805
8345
3855
3112
3574
918
7819
2065
1467
8129
3125
7430
8975
1072
605
9041
7765
5549
160
6260
3283
6317
4862
5968
4558
2425
7713
2574
4151
8114
8316
8251
5061
6543
1081
9538
5707
2901
643
461
4168
6261
3647
8229
4703
6718
2185
2096
8446
9513
536
9208
9524
9102
5616
3362
1779
6829
6145
9068
2274
285
5930
186
7843
4513
7031
5320
9625
5124
9700
8170
8819
8696
3046
9016
4815
468
2871
8448
3394
8280
6266
7399
4135
522
4948
5045
4242
5586
9564
7
606
3650
7803
7608
2863
2801
883
1011
7556
8334
890
9688
8123
2520
7909
1495
6042
8371
4899
485
9209
552
9662
8603
9400
7118
7855
1291
8768
722
8380
1211
4219
4561
3912
146
248
4586
2352
8184
2346
4084
4321
2018
3390
7984
1647
7640
8536
8071
5940
409
3150
9544
18
3857
2919
5399
1151
8905
5319
7426
6831
2766
3224
6873
7846
6116
3143
5466
8871
6262
3002
7320
4714
783
2052
4694
1526
1555
2845
2553
7551
6962
8931
3507
3756
8457
1284
3025
9463
6428
6157
794
280
1050
4094
9177
9872
2452
14
7856
307
8962
4188
2610
4475
8121
8956
1455
2571
733
6255
4468
6698
4300
1586
6123
5158
982
4142
7724
9934
2954
3259
3892
682
2583
1130
3798
6361
2321
4257
8354
6293
583
5628
7212
7052
8061
2534
7380
3978
8531
1335
29
1760
8537
4785
8294
4248
4262
1124
9847
5921
157
1084
3196
7619
1630
7165
2192
8907
6080
3106
5989
9622
434
6694
5762
313
8208
9675
7415
8057
9111
9346
1610
4373
3628
391
3625
7536
4321
7217
3024
9438
2371
7710
5991
5194
3859
8647
6051
7537
506
7287
3245
9982
7410
1518
3383
8458
3133
1918
3868
4370
3343
3077
5333
6164
1602
4814
6867
8895
6044
1286
4156
8200
1442
9121
8262
4379
1418
1920
8355
2306
7826
7787
5942
9362
4264
1260
8666
3957
9742
4320
2492
541
3263
301
4988
3257
4447
7521
9007
8355
8351
1820
7379
529
1240
1977
3389
6267
6706
5736
6742
8122
860
9478
8050
549
1320
1038
5501
1423
5941
8073
6267
1659
7455
9769
2218
5731
6440
820
641
4357
1310
1883
1137
2482
9413
9172
5123
1587
8332
2152
890
825
385
7472
3232
2629
4211
9262
2540
972
7927
4777
2823
8821
5101
9760
3023
5126
8771
3277
9865
1537
9435
4665
186
6621
4786
4242
3559
1560
4848
8702
4371
8301
467
2564
1698
5761
4061
7588
2831
9167
489
7922
7282
395
7180
107
2469
3730
5576
6654
5884
3852
9740
5187
184
3259
2113
3849
2293
6682
5596
8309
4840
9948
117
2303
3627
9092
9589
9255
1545
1536
172
270
6406
8538
1063
7261
9909
3861
8727
165
5571
649
8414
2378
2145
542
6885
5181
9360
942
1748
3340
6765
7302
4350
5941
8328
8537
5379
1133
8372
6783
6061
8155
1297
7874
5531
1558
4870
9213
2689
1757
2259
8808
2663
828
4594
3018
5198
3292
6194
9000
5658
9072
3825
5342
7174
7390
9813
5188
7863
8948
1013
5537
116
810
2127
8423
1014
8365
9559
3189
6939
3668
555
7969
1198
5319
1836
8632
8274
4242
5387
5632
3487
8857
3463
9050
4366
2095
7707
4604
4205
1807
1174
7281
2438
7982
952
9474
3055
9836
3786
9892
7189
388
5932
8062
3057
4349
3106
9608
7052
4702
9123
1552
5123
7596
6322
2693
1148
7280
3087
7670
5051
7742
1595
4189
7285
5362
6518
1130
7495
3324
8542
4988
3074
4702
3304
4995
8068
8068
901
7603
8681
1341
5643
4100
4725
8796
1025
6500
8383
4743
5676
9215
9636
2840
9635
5758
9328
5646
9944
482
5733
2461
807
3212
1010
4992
8021
7603
1182
8452
7759
4468
90
6852
6892
4244
9161
3723
2688
6935
3550
8494
8232
3509
2013
7478
7628
2768
5285
7426
4973
4849
8636
5359
4889
7535
1402
8006
642
6196
2143
7875
2135
9340
8723
6728
6323
6676
4430
4970
5510
2004
2480
1118
2066
9214
1278
3706
9560
7083
1617
5417
2773
2975
9005
1128
5786
3145
8059
445
8438
2333
447
9681
6887
5651
9834
4594
3911
7135
2069
7008
666
3812
1482
2110
9716
3943
7664
8971
9236
6618
8921
2279
7817
8357
8282
9761
3249
91
930
2815
7293
3306
7994
4562
7784
4474
7700
1248
242
221
1947
7386
7552
2420
7741
2914
2503
18
3194
2660
3292
9151
5182
1723
1860
2620
5256
8482
3581
3309
8514
5603
42
3282
2517
7562
6848
6761
6038
2676
7219
4512
5185
8847
5383
4100
5327
3976
8528
7008
192
4627
8161
5765
9590
6623
6738
1894
7887
5491
5468
9596
897
3501
1949
6797
6579
7756
7575
3613
7694
9933
5690
5483
7829
5226
5804
70
6490
4786
6252
9855
8183
5320
3352
2793
2478
9767
5120
7050
1041
1939
7103
8592
4520
7724
4212
1564
152
9637
1422
7137
6974
4729
3756
5536
5278
5510
5992
7058
4816
2853
8232
2288
6961
1859
9994
4567
978
1456
8825
8898
7659
1438
7705
4057
7680
5056
983
6476
8684
7312
6005
7672
2813
2250
8475
751
1925
9027
301
5645
4726
974
3277
20
2196
965
9029
7823
188
116
8661
7113
55
6861
7768
7052
6618
9454
2109
5605
7733
9764
7672
34
7803
8698
7013
156
4319
3768
2128
8503
3359
1427
4050
2765
5108
9064
7457
3150
9711
1351
1919
3062
7613
8709
5124
7825
269
2300
6518
5301
3613
424
9930
9942
6045
5942
2436
4963
5192
7640
986
1704
4609
440
6212
1840
1934
9834
9496
9555
8172
8416
5036
5555
8333
5131
5214
472
7872
6242
7975
3936
7540
9089
3638
7420
8759
9529
5950
8964
447
3653
3754
8954
709
5610
2649
4645
6981
4083
3230
7678
1521
3289
176
4509
2986
8044
8122
9145
5679
8313
2768
4813
1109
2587
7148
8646
4178
2719
8263
4650
6813
5441
8923
3874
740
1427
5697
3529
7938
3068
560
5995
7630
151
5692
8956
5578
9472
1335
216
5137
5343
1638
4017
1768
5303
1285
9728
6657
3789
1743
9635
9963
1218
1965
6388
7501
636
2198
2231
6064
586
5438
90
4126
7777
3189
7111
2437
3988
3996
9026
4386
229
3947
8223
2573
3580
9681
6582
4340
1465
3259
7770
1349
3278
1111
9997
2905
6593
2263
9886
6821
4077
8574
7607
2053
9490
4002
1981
874
8854
7745
3843
5408
5032
7914
7869
1381
1399
7762
8428
3840
4052
4131
6629
2919
5916
7396
34
5380
9684
6362
1328
4908
3243
3316
1452
5621
8969
557
9481
3412
8917
8933
858
3773
53
5494
990
3527
812
735
1370
4948
5924
7555
7851
5657
543
2535
9396
9837
1281
5453
8968
1483
8306
4172
6503
7347
1820
3339
8069
2874
7026
976
4186
5616
6664
9728
6831
1361
8545
6949
960
8873
4674
1494
9431
2548
9160
5047
608
9113
1740
492
2731
9831
7790
3811
5939
3226
4535
1182
3731
1323
6686
1991
6489
8760
5871
9096
439
1634
2202
6922
7712
8720
1484
9004
934
2616
8613
7305
9680
3871
796
2109
5152
6039
7519
1292
1121
3932
691
7772
4545
1545
9470
3450
5682
6442
470
9097
6896
1573
985
9110
8377
6746
6195
1258
6240
4829
3247
7706
2385
7735
6142
1661
5890
5209
8020
6283
8011
9332
7980
8529
8877
3568
1361
8436
2083
8773
5552
3817
8306
3601
6958
880
9683
6826
2001
5394
1137
9556
738
2289
9693
296
6777
5972
9396
1263
5321
5223
6143
7519
8358
8194
2398
1053
4482
1264
2026
2169
4037
9531
3254
6610
421
7098
1531
3481
915
8120
2890
4131
1435
3036
4689
3596
6216
1952
9013
8495
5343
7946
8176
5590
7565
6055
4286
1423
3200
9441
8392
6114
2435
4020
8697
6390
864
2424
4866
8993
9996
7170
6009
7234
9124
447
7663
5347
603
769
9509
1026
6060
7929
4054
7659
9542
8334
7834
5277
6278
3654
5655
2399
3611
9972
7932
7941
9360
4019
2863
2228
6681
3106
6724
4842
1716
2074
459
7480
5436
9804
7783
1465
4131
114
7504
1091
5255
474
9126
5882
7754
6292
5819
8012
8255
8974
9389
7432
235
9696
7834
5694
655
9518
9090
2903
8584
801
817
8419
3046
3687
2100
4259
1934
4613
30
8318
2549
926
4070
9812
3622
6052
7685
8812
5338
1506
929
1627
706
8956
5807
3047
7000
9300
5672
8318
4565
4498
59
7737
6727
5534
9175
1595
1929
4208
9825
9555
174
4425
5407
3201
9349
7703
8388
1111
1261
569
5155
2886
8321
2930
552
9014
2361
6324
9831
5849
890
6599
279
5629
1208
1956
6238
9123
1267
1852
2134
4585
7534
3885
2882
4284
3688
7730
2066
8310
4863
3709
3691
5158
6131
6862
8878
2364
7368
2057
7795
969
642
865
9684
7792
9400
886
5415
4652
5515
5299
6962
9521
3472
7870
6655
5249
4295
5636
4787
390
6363
1484
9411
3546
6088
7907
5553
7806
1580
188
3691
4037
8437
6742
8606
7844
7127
5794
8230
4573
4289
692
8699
1853
5805
7681
4114
122
8127
2231
8558
9765
8113
8214
630
4302
8463
8158
6444
4859
7629
8966
3645
4919
7382
3803
3120
136
9802
7268
4253
5788
113
83
5003
4241
6784
9099
5553
3619
5049
6782
7228
983
771
9718
2348
2396
593
3973
7102
303
7231
4214
5812
2263
9168
8285
6632
2578
6170
4453
1788
5916
3957
559
8383
7294
1342
8925
4855
1492
4406
6020
6195
654
4973
5208
278
307
9025
2481
8665
2069
8710
9238
7743
1230
8368
3439
7586
4845
9012
8677
5330
4006
9048
2974
7173
5170
1908
8384
3848
7424
5416
8455
7524
8371
2900
6543
8070
3773
513
2998
5821
4294
1387
3433
5807
6488
2948
9847
5465
6555
1541
7572
283
5633
6237
7703
6564
5123
3869
5535
4632
3484
6712
3766
7978
8283
1142
3079
2894
9072
6077
2467
7419
2234
1913
2783
963
4693
396
6300
8207
5811
7610
5682
3858
4064
764
2486
4508
9002
8985
1121
548
4350
9100
8492
6770
1649
2628
1316
745
7668
3250
4623
2527
4549
1294
4711
5339
3129
1506
5646
9272
6210
278
2020
2644
1953
6671
8905
7800
7852
2851
6076
8843
2911
6879
3122
2741
5767
8174
8156
415
5303
3087
1689
9124
4806
8616
9622
1290
2981
5502
9901
2213
4591
9083
6762
3448
2640
6542
294
4573
7358
8776
1216
1421
4018
6479
460
2388
3001
9952
7996
6508
3479
724
3147
3025
9461
2300
8416
5416
6276
3464
4559
4493
6814
7338
2853
8677
1081
8452
4200
1687
7253
4239
2926
2159
3974
8097
4938
1514
4521
617
9212
5400
9242
1476
7435
1522
2218
4768
1508
1688
8574
7080
5383
4606
9921
3958
9956
3617
9423
6295
4392
3972
5758
9683
4553
8472
9475
7309
74
5622
1558
984
523
4008
7910
8553
6671
6393
7204
9473
7343
2652
3167
4773
6564
4215
2408
4251
3036
851
7691
9832
5801
9042
629
652
9511
8137
4952
6735
1653
326
4206
5845
5304
1148
4599
2239
7859
4602
6952
9945
5986
4603
8951
2890
2517
2685
8018
1762
6017
6018
103
5317
6402
5086
7648
3729
5780
1955
6724
3995
3877
3927
3280
9006
2058
2336
8113
1741
8444
6684
2488
9917
4891
898
3245
2337
6879
4785
4278
2202
7341
4610
3168
5910
5277
1042
5505
517
9473
7271
6287
9026
506
7388
445
1846
1062
3987
1535
4827
2856
1739
12
9639
3757
4384
1642
9460
879
1530
8301
9762
8172
8492
9813
9088
2282
307
8594
2271
3313
9262
6335
1329
2163
5427
1392
9660
334
285
3648
9700
4695
2265
4858
5957
589
3141
9021
1112
6954
8028
2050
4880
8163
7221
2018
6684
2163
7688
9954
1745
8201
1584
8310
3472
7803
1412
2626
5872
8415
2934
9732
7930
5771
2062
4628
5183
9183
2724
3535
8265
8400
91
7868
7356
8585
7821
7376
1734
8008
3858
7711
630
5221
8984
6407
5409
3146
9778
5216
4929
9522
1806
2609
4716
9130
2195
3250
9896
6568
2929
229
316
9689
7897
4931
9897
8703
958
5725
9469
1286
8231
1357
928
3881
677
3223
5996
7051
6419
2906
2292
2971
1361
9378
1816
816
7506
2169
7469
873
3017
5723
9022
9020
880
7161
2562
2427
6697
2744
6794
8792
292
2
8822
6117
3401
1077
1667
3470
85
1573
7219
4846
5890
3348
1515
3974
3584
6573
7437
1066
4612
6342
2192
3570
7010
2069
123
1462
650
815
3295
5370
5019
6351
2232
3823
4068
7248
9210
811
7852
8842
8888
2953
575
2823
1062
8363
4961
1348
6750
8387
281
9766
8818
8934
2774
9752
9226
860
6275
7032
6548
5601
3697
558
6492
8218
7478
8881
2128
8781
6858
7671
3343
4714
4009
4465
6149
4546
7968
7838
1526
2553
7114
9227
6629
9349
6653
9680
3795
6851
5480
1549
9934
7280
4061
7033
2773
9577
9314
4914
4694
2979
8595
7036
8077
1225
3471
8739
6877
823
2932
3750
9097
6050
4539
9642
569
6591
7770
5570
5959
8722
12
3372
8615
4663
1707
982
492
7330
898
602
9520
5981
9510
3757
641
6013
9660
4312
1397
1741
697
7462
3254
364
3127
2733
8737
9394
9952
669
2941
7494
2023
9005
2387
1911
1558
5649
5198
8552
6666
7504
4483
5448
7482
3505
8232
7749
8503
7497
4434
5916
656
557
8169
3934
1763
6302
6565
8179
7203
5123
7005
2148
9568
1193
8254
9261
2824
2252
5376
4973
9610
7794
1071
4803
380
7698
9879
9403
3024
285
6323
2356
8642
3025
2312
4871
6358
433
8991
9160
6259
1699
924
593
9239
1139
4145
6935
2170
8149
1373
5686
4603
9671
1770
2389
8184
574
5369
1834
1169
435
1529
6336
9818
6837
3499
6348
2280
4765
4339
9072
1501
5907
7949
174
8170
2033
8605
2171
4555
9833
6761
3487
975
7589
8451
9037
9991
8005
9093
11
2649
108
966
2282
7126
4979
1690
8455
3738
2880
7123
9986
643
4794
1849
5428
2144
6542
2350
23
3622
6549
5284
507
6615
4540
5049
7606
2846
5624
67
7641
8741
8499
5695
5936
5088
1885
6089
9663
675
9545
7966
4379
1496
3436
7351
9405
7269
7157
523
1152
8202
7702
2236
4195
7503
1573
2299
5304
4853
3585
6662
281
3519
1239
4759
8937
9798
3181
7162
2129
717
7714
4401
6602
7609
6848
26
438
8756
9654
7680
3692
4903
4197
9643
4429
6731
4685
5188
6419
8492
5710
2918
2151
5312
581
3847
3361
2340
2497
7102
8533
4635
3155
2560
4238
7038
1341
6410
9949
8689
7033
2166
9055
4891
4597
322
7301
719
5373
5410
4573
5465
8439
6057
4885
6542
1329
2359
5582
1234
9966
1691
3374
7715
7233
642
1476
7453
6663
8061
810
2015
4251
8083
6329
447
6712
89
9555
8862
8853
817
8811
2562
5713
9189
6560
9414
3268
3317
2048
155
2647
1179
9457
8532
108
3437
7918
1390
8020
6143
5777
2562
7482
1349
2679
6024
2684
5030
7207
5721
8479
8878
853
1745
2912
4217
1363
8223
1094
6072
551
8467
3516
8004
8467
2595
6960
6875
4043
8805
6557
8534
9621
3626
3677
1613
905
425
1066
2257
19
9175
9690
293
2807
8459
967
5838
5119
4729
9276
3229
3797
9063
8065
5840
861
4242
7658
6773
1108
3750
4522
4216
7099
1836
8513
1177
8927
2944
6185
4778
90
4863
9976
957
7140
3043
1474
415
6570
8336
3764
4706
8343
8424
2507
120
9472
2594
8903
7253
60
4589
4261
1476
5026
5826
4947
1399
9490
60
1743
2268
2316
399
4011
6487
7568
7668
3616
9567
5566
7410
6726
2027
6899
6188
4666
129
1147
693
1045
2470
6735
9121
2401
9008
6828
9256
4609
3297
280
1359
9288
3596
5877
8169
2151
19
496
2252
522
2611
738
3212
355
2165
1898
3296
4966
8964
5151
3320
3639
3491
1254
7931
3578
6191
8448
2745
2514
8478
426
8065
3452
7031
6026
8859
3616
3357
3199
857
4225
9948
3642
8297
3369
8260
7763
7241
7143
8491
1856
4797
259
3329
1050
9332
3015
5935
9660
73
5987
1019
3975
2003
9301
8028
817
6650
4184
2023
7866
8182
1384
5200
9874
3663
1066
4334
8022
2450
1934
5377
2738
6567
2515
942
1531
5044
1450
2258
6221
139
4459
6289
4951
5014
537
1858
5272
7874
1695
6107
4547
3734
2810
9816
9638
2727
1597
606
5700
9871
9028
756
3713
6296
1181
7046
6392
7756
2938
7746
1153
1951
4485
5967
3628
2342
9252
4391
5407
5087
1346
3262
2551
1370
7424
2729
7324
8697
8584
6140
4781
4722
895
483
7811
7081
6988
7762
275
7099
7414
4247
3047
5229
2223
1795
715
512
504
9062
384
1391
5216
1722
3186
5905
3641
6431
3743
7364
5720
1800
8617
4308
8445
1908
6904
5384
5605
5230
1252
7338
9402
4167
691
5432
4109
1214
1461
7940
1107
756
6363
630
5878
6813
1465
6463
6649
3894
7464
6070
4722
6369
5460
7644
9884
591
870
558
3688
4842
8424
2691
7950
9313
9217
9010
9200
8434
8129
6926
3353
4131
5966
3723
6756
3250
9782
4447
8862
2263
2191
1212
4614
598
7806
8087
5122
7145
6304
2655
7257
6122
6686
9627
6707
2819
2844
8089
1727
8801
3368
332
7424
5039
8346
5108
7233
2572
3064
4016
7241
559
9250
8209
484
1738
2124
8631
4646
9136
1733
7037
3780
1864
1795
1232
4936
5012
8287
3378
4482
3155
1594
5578
4239
1125
7870
453
4788
188
3954
8446
830
5919
7812
5441
6327
1226
5461
2749
2284
2410
3646
4011
4468
1577
2798
2718
3223
4861
4031
5804
478
4149
3635
1366
3418
5374
6469
6947
222
9227
4677
4636
7315
1224
4293
7534
1845
8123
3232
3288
1343
6158
7676
6722
4376
667
9760
3191
9602
8297
7159
1535
4629
5104
4841
994
4085
4160
8563
2355
4519
5273
129
6571
397
8338
2196
4465
9198
6543
6287
5657
3339
3049
7489
4969
934
185
3988
6861
4837
273
9080
2163
320
1421
910
6117
8645
6243
8429
249
3184
5360
5464
7971
8108
8664
1977
8030
1376
1394
1359
9108
929
1300
9488
3509
1071
6546
8343
2688
6344
315
8591
9141
3068
8110
8728
5863
6398
3239
8343
9410
6130
614
1971
8098
1105
1918
5570
4597
5909
9645
543
5703
6360
4566
9835
300
6920
6721
2152
2307
2662
1354
2109
549
1781
5077
5271
3854
9057
1782
5899
6723
8990
2411
8824
6404
1922
5805
1599
9061
84
643
3496
6690
5240
3198
2330
2164
2090
2003
62
7930
5313
6559
3128
3613
5090
4080
6294
8193
5652
3511
5490
526
2485
9389
5847
3702
1748
7560
2952
8510
9286
5150
7558
6348
2554
8201
7253
8077
293
6741
5516
2369
1364
811
7265
3788
1058
18
4931
5057
9045
8306
1006
408
2898
7658
1419
6986
4857
1816
3553
8529
943
7555
3425
3211
1896
5825
2592
2874
9702
5743
5311
181
4921
9927
932
8059
2118
9939
6552
7157
9084
9338
2971
8360
1472
4945
7317
1084
7187
4455
2220
862
256
5372
2102
3479
9450
5017
3260
5268
1267
7105
620
7727
791
4812
5960
3492
1054
3615
8911
9185
2721
9945
7898
710
8585
4704
9613
5101
4965
2524
6901
9396
5254
1907
2101
6870
3299
3917
4760
6664
1775
5914
4026
2226
3971
6495
9688
9310
6853
53
8841
4982
8338
3260
9664
7872
5299
942
7596
7265
8474
1437
1972
8489
806
6266
7695
9092
9124
9946
7587
2643
2408
1145
4513
4081
8116
1909
4427
7957
4759
9205
431
7679
5956
2374
8765
3940
5483
5590
7613
9055
8400
8327
6733
436
3215
6573
8042
6440
5846
9500
8393
7882
4440
1339
4441
6968
4519
9233
7831
3138
7648
9292
4658
7495
9727
136
3859
9900
2937
4710
3140
4067
2352
9152
7481
3235
3099
4499
6477
7320
2395
826
8351
227
7778
6302
9392
9348
38
3343
8254
1955
3091
4704
5426
3583
9531
3063
3171
5419
9249
7078
9461
3165
9915
546
4663
1700
85
4462
4003
4420
6398
9663
9751
9773
8146
201
1385
3731
7178
9173
6371
5317
8442
9332
2839